function ttest = ttestcolortable()
ttest = [       0.0       1.0       1.0;
       0.0       1.0       1.0;
       0.0       1.0       1.0;
       0.0       1.0       1.0;
       0.0       1.0       1.0;
       0.0       1.0       1.0;
       0.0       1.0       1.0;
       0.2       0.3       0.9;
       0.2       0.3       0.9;
       0.2       0.3       0.9;
       0.2       0.3       0.9;
       0.2       0.3       0.9;
       0.4       0.4       1.0;
       0.4       0.4       1.0;
       0.4       0.4       1.0;
       0.4       0.4       1.0;
       0.4       0.4       1.0;
       0.7       0.7       1.0;
       0.7       0.7       1.0;
       0.7       0.7       1.0;
       0.7       0.7       1.0;
       1.0       1.0       1.0;
       1.0       1.0       1.0;
       1.0       1.0       1.0;
       1.0       1.0       1.0;
       1.0       1.0       1.0;
       1.0       1.0       1.0;
       1.0       1.0       1.0;
       1.0       1.0       1.0;
       1.0       1.0       1.0;
       1.0       1.0       1.0;
       1.0       1.0       1.0;
       1.0       1.0       1.0;
       1.0       1.0       1.0;
       1.0       1.0       1.0;
       1.0       1.0       1.0;
       1.0       1.0       1.0;
       1.0       1.0       1.0;
       1.0       1.0       1.0;
       1.0       1.0       1.0;
       1.0       1.0       1.0;
       1.0       1.0       1.0;
       1.0       1.0       1.0;
       1.0       0.7       0.7;
       1.0       0.7       0.7;
       1.0       0.7       0.7;
       1.0       0.7       0.7;
       1.0       0.4       0.4;
       1.0       0.4       0.4;
       1.0       0.4       0.4;
       1.0       0.4       0.4;
       1.0       0.4       0.4;
       1.0       0.3       0.3;
       1.0       0.3       0.3;
       1.0       0.3       0.3;
       1.0       0.3       0.3;
       1.0       0.3       0.3;
       1.0       0.0       1.0;
       1.0       0.0       1.0;
       1.0       0.0       1.0;
       1.0       0.0       1.0;
       1.0       0.0       1.0;
       1.0       0.0       1.0;
       1.0       0.0       1.0;
];
